Ano Mes Dia H M S Dist(cm) Dist2(cm) T(°C) P(Pa)
2019 10 6 6 54 39 28.17 15.56 26.43 101592.88
2019 10 6 6 54 40 0.00 16.66 26.43 101593.34
2019 10 6 6 54 40 0.00 14.33 26.43 101593.93
2019 10 6 6 54 41 0.00 14.40 26.42 101595.53
2019 10 6 6 54 41 31.14 16.86 26.42 101596.16
2019 10 6 6 54 42 0.00 16.89 26.42 101596.75
2019 10 6 6 54 42 24.09 16.80 26.42 101597.61
2019 10 6 6 54 43 0.00 16.04 26.41 101598.31
2019 10 6 6 54 44 0.00 16.48 26.41 101598.91
2019 10 6 6 54 44 0.00 17.23 26.41 101599.88
2019 10 6 6 54 45 0.00 17.11 26.41 101600.29
2019 10 6 6 54 45 0.00 17.14 26.40 101600.72
2019 10 6 6 54 46 23.73 13.75 26.40 101601.17
2019 10 6 6 54 47 0.00 14.27 26.40 101602.05
2019 10 6 6 54 47 22.83 11.86 26.40 101602.55
2019 10 6 6 54 48 0.00 13.61 26.39 101602.81
2019 10 6 6 54 48 23.53 18.09 26.39 101603.17
2019 10 6 6 54 49 0.00 18.12 26.39 101603.86
2019 10 6 6 54 49 22.81 18.26 26.39 101604.11
2019 10 6 6 54 50 0.00 16.80 26.38 101603.83
2019 10 6 6 54 51 0.00 17.72 26.37 101604.08
2019 10 6 6 54 51 25.65 14.53 26.37 101604.16
2019 10 6 6 54 52 0.00 16.95 26.37 101605.13
2019 10 6 6 54 52 23.99 12.19 26.37 101605.55
2019 10 6 6 54 53 0.00 12.43 26.36 101605.80
2019 10 6 6 54 53 0.00 12.11 26.36 101606.17
Ano Mes Dia H M S Dist(cm) Dist2(cm) T(°C) P(Pa)
2019 10 6 6 54 55 16.41 16.74 26.35 101606.73
2019 10 6 6 54 56 21.76 17.45 26.35 101606.66
2019 10 6 6 54 56 0.00 17.72 26.34 101606.73
2019 10 6 6 54 57 22.51 13.21 26.34 101606.00
2019 10 6 6 54 57 22.61 18.23 26.34 101606.34
2019 10 6 6 54 58 0.00 18.44 26.33 101606.45
2019 10 6 6 54 59 15.96 17.30 26.33 101606.20
2019 10 6 6 54 59 17.43 13.05 26.33 101606.37
2019 10 6 6 55 0 17.12 19.19 26.33 101605.72
2019 10 6 6 55 0 0.00 19.07 26.33 101605.89
2019 10 6 6 55 1 0.00 13.81 26.32 101605.63
2019 10 6 6 55 1 0.00 14.12 26.32 101605.41
2019 10 6 6 55 2 5.36 14.71 26.32 101605.75
2019 10 6 6 55 3 0.00 18.96 26.32 101605.92
2019 10 6 6 55 3 7.74 17.45 26.32 101605.66
2019 10 6 6 55 4 0.00 22.74 26.32 101605.66
2019 10 6 6 55 4 5.81 23.47 26.32 101605.23
2019 10 6 6 55 5 0.00 22.10 26.32 101605.23
2019 10 6 6 55 5 4.90 21.40 26.32 101605.48
2019 10 6 6 55 6 0.00 25.23 26.32 101605.32
2019 10 6 6 55 7 5.87 26.35 26.32 101605.16
2019 10 6 6 55 7 0.00 25.85 26.32 101605.23
2019 10 6 6 55 8 5.36 27.18 26.32 101605.30
2019 10 6 6 55 8 8.04 27.34 26.33 101605.38
2019 10 6 6 55 9 7.12 27.42 26.33 101605.64
2019 10 6 6 55 9 5.51 26.87 26.33 101605.34
2019 10 6 6 55 10 4.61 27.66 26.33 101605.27
2019 10 6 6 55 10 5.51 26.87 26.34 101605.58
2019 10 6 6 55 11 5.20 19.75 26.34 101605.66
2019 10 6 6 55 12 5.25 29.38 26.34 101605.38
2019 10 6 6 55 12 5.25 29.65 26.35 101605.05
2019 10 6 6 55 13 5.25 30.13 26.35 101605.19
2019 10 6 6 55 13 4.56 26.80 26.36 101604.77
2019 10 6 6 55 14 4.56 16.45 26.36 101604.47
2019 10 6 6 55 14 4.10 17.42 26.36 101604.45
2019 10 6 6 55 15 4.00 19.27 26.37 101604.00
2019 10 6 6 55 15 4.69 30.03 26.38 101604.00
2019 10 6 6 55 16 4.69 28.93 26.38 101604.14
2019 10 6 6 55 16 5.17 27.42 26.39 101604.11
2019 10 6 6 55 17 4.86 17.42 26.39 101603.52
2019 10 6 6 55 18 4.66 29.29 26.39 101602.05
2019 10 6 6 55 18 6.15 33.07 26.39 101601.95
2019 10 6 6 55 19 6.48 22.52 26.40 101601.38
2019 10 6 6 55 19 8.53 15.53 26.40 101601.34
2019 10 6 6 55 20 7.43 11.86 26.41 101601.48
2019 10 6 6 55 20 7.82 14.71 26.41 101601.05
2019 10 6 6 55 21 10.35 15.61 26.42 101600.75
2019 10 6 6 55 21 7.17 18.16 26.43 101600.55
2019 10 6 6 55 22 7.28 14.67 26.43 101599.84
2019 10 6 6 55 23 7.67 13.87 26.43 101599.50
2019 10 6 6 55 23 7.06 22.74 26.44 101599.13
2019 10 6 6 55 24 6.72 23.24 26.45 101599.07
2019 10 6 6 55 24 5.75 21.75 26.45 101598.48
2019 10 6 6 55 25 5.80 16.63 26.46 101598.28
2019 10 6 6 55 25 5.80 24.83 26.46 101598.03
2019 10 6 6 55 26 5.66 24.89 26.46 101598.17
2019 10 6 6 55 26 6.77 21.16 26.47 101597.07
2019 10 6 6 55 27 0.00 16.34 26.47 101596.78
2019 10 6 6 55 28 12.67 16.23 26.47 101596.53
2019 10 6 6 55 28 0.00 15.98 26.47 101596.62
2019 10 6 6 55 29 14.52 15.04 26.48 101596.67
2019 10 6 6 55 29 0.00 16.92 26.48 101596.59
2019 10 6 6 55 30 12.60 16.42 26.48 101596.59
2019 10 6 6 55 30 0.00 16.34 26.48 101596.84
2019 10 6 6 55 31 12.67 16.74 26.48 101597.02
2019 10 6 6 55 32 0.00 16.54 26.48 101596.33
2019 10 6 6 55 32 13.21 16.42 26.48 101596.50
2019 10 6 6 55 33 22.78 17.14 26.48 101596.50
2019 10 6 6 55 33 66.30 20.43 26.48 101596.50
2019 10 6 6 55 34 65.08 28.93 26.48 101596.33
2019 10 6 6 55 34 66.54 37.84 26.47 101595.94
2019 10 6 6 55 35 67.47 61.41 26.47 101595.69
2019 10 6 6 55 35 67.68 59.86 26.47 101595.42
2019 10 6 6 55 36 68.12 75.05 26.47 101595.59
2019 10 6 6 55 37 67.32 31.32 26.46 101594.95
2019 10 6 6 55 37 67.27 31.32 26.46 101594.81
2019 10 6 6 55 38 67.13 34.90 26.46 101594.89
2019 10 6 6 55 38 67.73 34.40 26.45 101594.66
2019 10 6 6 55 39 67.12 35.83 26.45 101594.58
2019 10 6 6 55 39 66.88 35.03 26.45 101594.49
2019 10 6 6 55 40 67.68 34.03 26.44 101593.96
2019 10 6 6 55 40 67.29 21.26 26.44 101593.88
2019 10 6 6 55 41 67.32 30.32 26.44 101593.95
2019 10 6 6 55 42 8.64 30.51 26.43 101594.08
2019 10 6 6 55 42 66.11 49.78 26.43 101594.16
2019 10 6 6 55 43 8.87 51.68 26.43 101593.59
2019 10 6 6 55 43 11.19 42.61 26.43 101594.09
2019 10 6 6 55 44 8.18 58.38 26.42 101593.79
2019 10 6 6 55 44 10.64 62.63 26.42 101593.88
2019 10 6 6 55 45 76.79 60.62 26.41 101593.39
2019 10 6 6 55 45 77.61 62.63 26.41 101593.34
2019 10 6 6 55 46 77.40 62.63 26.40 101593.42
2019 10 6 6 55 47 77.42 62.63 26.40 101593.27
2019 10 6 6 55 47 78.78 51.68 26.40 101593.22
2019 10 6 6 55 48 79.32 59.86 26.39 101592.88
2019 10 6 6 55 48 16.81 52.25 26.38 101592.66
2019 10 6 6 55 49 6.87 29.11 26.38 101592.94
2019 10 6 6 55 49 31.91 22.36 26.38 101592.80
2019 10 6 6 55 50 29.36 19.79 26.37 101593.05
2019 10 6 6 55 51 32.39 20.26 26.37 101593.30
2019 10 6 6 55 51 8.86 25.16 26.37 101593.17
2019 10 6 6 55 52 29.17 22.26 26.36 101594.21
2019 10 6 6 55 52 29.48 22.91 26.36 101594.63
2019 10 6 6 55 53 30.79 24.26 26.36 101595.09
2019 10 6 6 55 53 30.40 25.23 26.35 101595.52
2019 10 6 6 55 54 30.74 25.92 26.35 101595.77
2019 10 6 6 55 54 30.33 24.38 26.35 101596.47
2019 10 6 6 55 55 31.04 24.44 26.34 101597.06
2019 10 6 6 55 56 31.60 25.71 26.34 101596.92
2019 10 6 6 55 56 31.81 26.20 26.34 101597.34
2019 10 6 6 55 57 31.86 24.26 26.33 101597.80
2019 10 6 6 55 57 32.16 27.50 26.33 101598.52
2019 10 6 6 55 58 32.06 25.71 26.32 101598.34
2019 10 6 6 55 58 32.22 26.28 26.32 101598.84
2019 10 6 6 55 59 32.45 27.18 26.32 101599.13
2019 10 6 6 55 59 32.67 27.42 26.32 101598.79
2019 10 6 6 56 0 38.28 31.96 26.31 101599.16
2019 10 6 6 56 1 58.89 44.20 26.31 101599.27
2019 10 6 6 56 1 53.40 41.30 26.31 101599.36
2019 10 6 6 56 2 61.80 33.54 26.30 101599.61
2019 10 6 6 56 2 79.61 37.84 26.30 101599.89
2019 10 6 6 56 3 78.69 36.66 26.30 101600.40
2019 10 6 6 56 3 0.00 38.45 26.29 101600.69
2019 10 6 6 56 4 61.88 38.45 26.29 101600.77
2019 10 6 6 56 4 63.72 37.69 26.29 101601.05
2019 10 6 6 56 5 61.90 44.20 26.28 101601.00
2019 10 6 6 56 6 62.24 55.31 26.28 101601.25
2019 10 6 6 56 6 75.74 71.10 26.28 101601.33
2019 10 6 6 56 7 75.53 40.25 26.27 101601.36
2019 10 6 6 56 7 75.94 40.42 26.27 101601.48
2019 10 6 6 56 8 75.04 52.54 26.26 101601.48
2019 10 6 6 56 8 75.19 56.97 26.26 101601.42
2019 10 6 6 56 9 75.17 59.11 26.26 101601.92
2019 10 6 6 56 9 75.40 65.22 26.26 101601.67
2019 10 6 6 56 10 74.92 41.12 26.26 101601.58
2019 10 6 6 56 11 74.95 38.45 26.25 101601.44
2019 10 6 6 56 11 75.28 39.74 26.25 101601.44
2019 10 6 6 56 12 75.79 40.25 26.25 101601.78
2019 10 6 6 56 12 75.50 68.53 26.25 101601.70
2019 10 6 6 56 13 75.33 43.39 26.25 101601.87
2019 10 6 6 56 13 55.83 37.09 26.25 101601.48
2019 10 6 6 56 14 79.02 32.73 26.25 101601.64
2019 10 6 6 56 14 81.28 31.96 26.25 101601.98
2019 10 6 6 56 15 78.56 32.85 26.25 101602.16
2019 10 6 6 56 16 60.37 29.75 26.24 101602.06
2019 10 6 6 56 16 80.82 29.47 26.24 101602.02
2019 10 6 6 56 17 77.15 30.51 26.24 101602.18
2019 10 6 6 56 17 82.72 33.07 26.24 101602.09
2019 10 6 6 56 18 77.67 36.10 26.24 101602.27
2019 10 6 6 56 18 64.74 33.66 26.24 101602.44
2019 10 6 6 56 19 87.31 35.43 26.23 101601.10
2019 10 6 6 56 20 63.00 37.39 26.23 101601.05
2019 10 6 6 56 20 0.00 35.83 26.23 101600.79
2019 10 6 6 56 21 68.90 33.78 26.22 101600.73
2019 10 6 6 56 21 89.01 34.40 26.22 101600.91
2019 10 6 6 56 22 74.38 32.62 26.22 101600.82
2019 10 6 6 56 22 217.43 34.03 26.22 101601.16
2019 10 6 6 56 23 82.99 31.32 26.22 101601.07
2019 10 6 6 56 23 62.41 49.52 26.22 101601.41
2019 10 6 6 56 24 82.94 32.73 26.22 101601.58
2019 10 6 6 56 25 0.00 23.02 26.21 101601.27
2019 10 6 6 56 25 6.49 24.19 26.21 101601.27
2019 10 6 6 56 26 8.77 23.89 26.21 101601.19
2019 10 6 6 56 26 0.00 22.69 26.21 101601.36
2019 10 6 6 56 27 7.38 21.07 26.21 101601.05
2019 10 6 6 56 27 13.80 20.75 26.21 101601.21
2019 10 6 6 56 28 17.99 17.17 26.20 101601.16
2019 10 6 6 56 29 62.24 28.49 26.20 101601.33
2019 10 6 6 56 29 73.20 33.90 26.20 101601.07
2019 10 6 6 56 30 46.60 43.99 26.20 101600.98
2019 10 6 6 56 30 41.65 48.26 26.20 101601.33
2019 10 6 6 56 31 0.00 56.97 26.20 101601.24
2019 10 6 6 56 31 4.28 42.99 26.20 101601.41
2019 10 6 6 56 32 0.00 22.80 26.20 101601.58
2019 10 6 6 56 32 9.66 39.91 26.19 101601.49
Ano Mes Dia H M S Dist(cm) Dist2(cm) T(°C) P(Pa)
2019 10 6 10 45 11 3.06 28.07 27.54 101661.75
2019 10 6 10 45 11 3.66 26.35 27.49 101654.91
2019 10 6 10 45 12 3.55 26.42 27.49 101655.67
2019 10 6 10 45 13 3.15 26.28 27.48 101656.30
2019 10 6 10 45 13 3.37 26.57 27.48 101657.23
2019 10 6 10 45 14 3.32 26.57 27.47 101658.37
2019 10 6 10 45 14 3.40 25.99 27.47 101659.17
2019 10 6 10 45 15 3.11 37.69 27.47 101659.76
2019 10 6 10 45 15 3.16 26.28 27.47 101660.19
2019 10 6 10 45 16 3.11 35.97 27.46 101661.66
2019 10 6 10 45 16 3.21 31.96 27.46 101661.91
2019 10 6 10 45 17 2.91 27.82 27.46 101662.42
2019 10 6 10 45 18 3.76 26.57 27.46 101662.67
2019 10 6 10 45 18 3.66 23.59 27.46 101662.97
2019 10 6 10 45 19 3.52 27.50 27.46 101664.33
2019 10 6 10 45 19 3.16 29.84 27.45 101664.24
2019 10 6 10 45 20 3.01 48.26 27.45 101664.92
2019 10 6 10 45 20 2.96 48.26 27.45 101665.03
2019 10 6 10 45 21 2.45 46.82 27.45 101665.38
2019 10 6 10 45 21 2.96 44.41 27.45 101665.80
2019 10 6 10 45 22 2.65 45.47 27.45 101666.14
2019 10 6 10 45 23 2.52 41.12 27.45 101665.72
2019 10 6 10 45 23 4.40 25.64 27.45 101666.23
2019 10 6 10 45 24 2.70 47.29 27.44 101666.68
2019 10 6 10 45 24 3.21 46.14 27.44 101666.59
2019 10 6 10 45 25 2.96 40.60 27.44 101666.94
Ano Mes Dia H M S Dist(cm) Dist2(cm) T(°C) P(Pa)
2019 10 6 11 1 8 115.77 242.12 34.61 101707.19
2019 10 6 11 1 9 116.55 214.66 34.49 101688.77
2019 10 6 11 1 9 122.01 68.53 34.49 101690.36
2019 10 6 11 1 10 118.95 -634.18 34.48 101691.88
2019 10 6 11 1 11 119.87 145.39 34.46 101694.26
2019 10 6 11 1 11 114.24 87.55 34.45 101695.22
2019 10 6 11 1 12 115.75 91.79 34.43 101696.61
2019 10 6 11 1 12 115.29 80.82 34.42 101697.70
2019 10 6 11 1 13 116.37 72.74 34.40 101698.75
2019 10 6 11 1 13 115.60 119.65 34.37 101701.25
2019 10 6 11 1 14 115.41 129.47 34.35 101702.25
2019 10 6 11 1 15 115.35 209.89 34.33 101703.27
2019 10 6 11 1 15 115.43 83.68 34.30 101703.88
2019 10 6 11 1 16 119.82 109.92 34.26 101706.20
2019 10 6 11 1 16 117.37 109.92 34.24 101707.22
2019 10 6 11 1 17 119.31 127.73 34.22 101707.88
2019 10 6 11 1 17 120.85 103.89 34.20 101708.55
2019 10 6 11 1 18 118.81 64.33 34.17 101710.56
2019 10 6 11 1 19 119.14 90.91 34.16 101711.30
2019 10 6 11 1 19 119.24 -634.18 34.14 101711.70
2019 10 6 11 1 20 121.23 143.19 34.12 101712.14
2019 10 6 11 1 20 123.22 91.79 34.10 101713.51
2019 10 6 11 1 21 125.68 -4928.13 34.09 101714.11
2019 10 6 11 1 21 121.60 304.44 34.08 101714.52
2019 10 6 11 1 22 122.16 -634.18 34.07 101715.38
2019 10 6 11 1 22 147.03 168.72 34.05 101716.91
2019 10 6 11 1 23 152.12 236.08 34.03 101717.91
2019 10 6 11 1 24 154.36 1862.60 34.00 101718.36
2019 10 6 11 1 24 156.30 154.91 33.98 101718.55
2019 10 6 11 1 25 156.89 -2413.78 33.92 101718.95
2019 10 6 11 1 25 154.28 -634.18 33.90 101719.14
2019 10 6 11 1 26 150.13 50.85 33.87 101719.20
2019 10 6 11 1 26 156.11 -634.18 33.86 101719.77
2019 10 6 11 1 27 150.74 -634.18 33.82 101719.67
2019 10 6 11 1 28 140.71 99.52 33.81 101720.51
2019 10 6 11 1 28 112.90 -1060.76 33.80 101720.86
2019 10 6 11 1 29 118.01 -953.83 33.79 101721.21
2019 10 6 11 1 29 111.81 81.51 33.76 101721.45
2019 10 6 11 1 30 110.11 136.97 33.75 101722.22
2019 10 6 11 1 30 111.96 181.68 33.74 101722.62
2019 10 6 11 1 31 117.10 99.52 33.74 101723.18
2019 10 6 11 1 32 114.63 121.18 33.73 101723.70
2019 10 6 11 1 32 109.77 80.13 33.74 101724.30
2019 10 6 11 1 33 110.45 121.18 33.74 101724.59
2019 10 6 11 1 33 113.19 -679.74 33.75 101724.63
2019 10 6 11 1 34 119.90 85.96 33.77 101725.09
2019 10 6 11 1 34 153.22 60.62 33.78 101725.42
2019 10 6 11 1 35 154.43 99.52 33.79 101725.75
2019 10 6 11 1 36 155.72 -634.18 33.80 101725.49
2019 10 6 11 1 36 157.40 1862.60 33.79 101725.41
2019 10 6 11 1 37 156.49 -679.74 33.79 101725.88
2019 10 6 11 1 37 154.87 -634.18 33.79 101725.97
2019 10 6 11 1 38 153.88 -4928.13 33.79 101726.27
2019 10 6 11 1 38 154.28 -866.48 33.81 101725.22
2019 10 6 11 1 39 154.19 -634.18 33.83 101724.69
2019 10 6 11 1 40 150.30 -634.18 33.85 101724.12
2019 10 6 11 1 40 146.20 -634.18 33.86 101723.50
2019 10 6 11 1 41 142.04 -634.18 33.89 101722.66
2019 10 6 11 1 41 141.19 -634.18 33.91 101722.17
2019 10 6 11 1 42 138.57 -634.18 33.93 101721.34
2019 10 6 11 1 42 133.06 -679.74 33.95 101720.68
2019 10 6 11 1 43 131.07 -634.18 33.99 101719.58
2019 10 6 11 1 43 127.62 -634.18 34.01 101719.59
2019 10 6 11 1 44 122.77 -559.22 34.03 101719.19
2019 10 6 11 1 45 120.68 -634.18 34.06 101719.42
2019 10 6 11 1 45 113.93 -634.18 34.11 101718.43
2019 10 6 11 1 46 106.34 -679.74 34.14 101717.97
2019 10 6 11 1 46 98.01 -634.18 34.17 101718.08
2019 10 6 11 1 47 91.31 -634.18 34.20 101718.47
2019 10 6 11 1 47 82.88 -732.35 34.25 101718.29
2019 10 6 11 1 48 77.96 -1367.34 34.28 101718.25
2019 10 6 11 1 49 71.49 349.41 34.32 101718.47
2019 10 6 11 1 49 65.72 154.91 34.35 101718.48
2019 10 6 11 1 50 58.89 79.46 34.40 101718.86
2019 10 6 11 1 50 54.69 75.05 34.43 101719.26
2019 10 6 11 1 51 51.31 51.68 34.45 101719.06
2019 10 6 11 1 51 48.99 56.29 34.48 101718.95
2019 10 6 11 1 52 47.40 49.52 34.54 101719.60
2019 10 6 11 1 52 46.44 46.14 34.57 101720.13
2019 10 6 11 1 53 45.70 42.80 34.60 101720.60
2019 10 6 11 1 54 45.42 47.53 34.63 101720.70
2019 10 6 11 1 54 43.96 39.91 34.66 101721.10
2019 10 6 11 1 55 43.20 37.09 34.71 101721.38
2019 10 6 11 1 55 43.42 39.09 34.74 101721.43
2019 10 6 11 1 56 42.52 34.03 34.77 101721.66
2019 10 6 11 1 56 41.79 32.96 34.79 101721.73
2019 10 6 11 1 57 41.53 32.51 34.85 101721.77
2019 10 6 11 1 57 42.01 31.96 34.87 101721.81
2019 10 6 11 1 58 44.81 37.24 34.90 101721.95
2019 10 6 11 1 59 49.91 68.03 34.92 101722.09
2019 10 6 11 1 59 59.19 94.54 34.95 101722.32
2019 10 6 11 2 0 67.29 103.89 35.00 101721.91
2019 10 6 11 2 0 75.97 188.94 35.03 101721.36
2019 10 6 11 2 1 86.31 127.73 35.06 101721.58
2019 10 6 11 2 1 95.05 1556.25 35.08 101720.89
2019 10 6 11 2 2 104.01 -634.18 35.12 101720.63
2019 10 6 11 2 3 112.90 -634.18 35.14 101720.17
2019 10 6 11 2 3 118.52 -679.74 35.16 101720.02
2019 10 6 11 2 4 124.30 -679.74 35.18 101719.34
2019 10 6 11 2 4 129.86 -634.18 35.22 101718.30
2019 10 6 11 2 5 131.02 -793.79 35.24 101717.78
2019 10 6 11 2 5 131.22 -679.74 35.26 101717.55
2019 10 6 11 2 6 132.01 -634.18 35.27 101717.02
2019 10 6 11 2 6 131.87 -1194.70 35.29 101716.16
2019 10 6 11 2 7 133.11 -634.18 35.31 101715.80
2019 10 6 11 2 8 133.18 -559.22 35.32 101715.22
2019 10 6 11 2 8 132.09 -634.18 35.34 101714.59
2019 10 6 11 2 9 131.70 -634.18 35.37 101713.98
2019 10 6 11 2 9 131.94 -732.35 35.39 101713.56
2019 10 6 11 2 10 130.65 -634.18 35.41 101713.06
2019 10 6 11 2 10 128.57 -634.18 35.43 101712.56
2019 10 6 11 2 11 127.26 -679.74 35.46 101712.12
2019 10 6 11 2 12 124.59 181.68 35.48 101712.00
2019 10 6 11 2 12 124.83 -634.18 35.49 101711.86
2019 10 6 11 2 13 125.53 -679.74 35.49 101711.55
2019 10 6 11 2 13 124.93 99.52 35.52 101711.17
2019 10 6 11 2 14 123.28 236.08 35.53 101710.38
2019 10 6 11 2 14 127.40 154.91 35.54 101710.35
2019 10 6 11 2 15 125.02 85.18 35.56 101709.77
2019 10 6 11 2 16 127.14 108.66 35.60 101709.23
2019 10 6 11 2 16 125.14 51.68 35.62 101709.46
2019 10 6 11 2 17 116.99 362.81 35.64 101708.91
2019 10 6 11 2 17 122.60 136.97 35.66 101709.19
2019 10 6 11 2 18 122.76 24.83 35.68 101709.49
2019 10 6 11 2 18 127.76 129.47 35.69 101709.01
2019 10 6 11 2 19 132.67 236.08 35.70 101709.28
2019 10 6 11 2 20 127.98 -634.18 35.70 101709.16
2019 10 6 11 2 20 130.14 74.46 35.69 101710.34
2019 10 6 11 2 21 129.56 -634.18 35.68 101710.61
2019 10 6 11 2 21 128.04 -793.79 35.67 101710.50
2019 10 6 11 2 22 126.63 -679.74 35.67 101710.89
2019 10 6 11 2 22 127.53 -634.18 35.65 101711.17
2019 10 6 11 2 23 128.18 -634.18 35.65 101711.70
2019 10 6 11 2 24 125.48 -679.74 35.64 101711.53
2019 10 6 11 2 24 123.98 -679.74 35.64 101711.15
2019 10 6 11 2 25 116.94 -732.35 35.63 101711.04
2019 10 6 11 2 25 107.78 -634.18 35.62 101711.48
2019 10 6 11 2 26 93.65 -2413.78 35.60 101712.28
2019 10 6 11 2 26 84.07 118275.11 35.59 101713.17
2019 10 6 11 2 27 76.28 523.34 35.55 101713.75
2019 10 6 11 2 28 69.89 269.73 35.54 101714.14
2019 10 6 11 2 28 65.14 109.92 35.55 101714.19
2019 10 6 11 2 29 59.91 75.05 35.54 101714.23
2019 10 6 11 2 29 51.90 99.52 35.52 101715.69
2019 10 6 11 2 30 46.92 52.25 35.50 101716.45
2019 10 6 11 2 30 42.47 33.78 35.49 101717.20
2019 10 6 11 2 31 40.46 35.43 35.47 101717.83
2019 10 6 11 2 31 38.32 35.83 35.46 101718.92
2019 10 6 11 2 32 37.57 31.64 35.46 101719.14
2019 10 6 11 2 33 37.03 32.51 35.45 101719.63
2019 10 6 11 2 33 36.82 29.94 35.44 101720.06
2019 10 6 11 2 34 36.72 32.51 35.43 101720.30
2019 10 6 11 2 34 36.28 30.91 35.42 101721.27
2019 10 6 11 2 35 36.18 32.40 35.41 101721.10
2019 10 6 11 2 35 36.92 28.15 35.41 101721.62
2019 10 6 11 2 36 50.25 34.78 35.42 101721.70
2019 10 6 11 2 36 60.91 50.58 35.44 101720.68
2019 10 6 11 2 37 70.99 50.58 35.45 101719.88
2019 10 6 11 2 38 80.02 523.34 35.47 101719.47
2019 10 6 11 2 38 87.11 -634.18 35.49 101718.97
2019 10 6 11 2 39 93.08 -679.74 35.51 101718.63
2019 10 6 11 2 39 97.90 -634.18 35.52 101717.93
2019 10 6 11 2 40 102.61 1556.25 35.53 101717.42
2019 10 6 11 2 40 109.14 -679.74 35.54 101716.98
2019 10 6 11 2 41 114.21 -953.83 35.55 101715.64
2019 10 6 11 2 42 122.13 -793.79 35.56 101715.50
2019 10 6 11 2 42 132.07 -634.18 35.56 101715.06
2019 10 6 11 2 43 137.72 -4928.13 35.57 101714.72
2019 10 6 11 2 43 140.06 -634.18 35.58 101713.30
2019 10 6 11 2 44 140.91 -634.18 35.60 101713.19
2019 10 6 11 2 44 142.09 -732.35 35.61 101713.09
2019 10 6 11 2 45 142.00 -679.74 35.62 101712.61
2019 10 6 11 2 46 141.02 -634.18 35.63 101711.29
2019 10 6 11 2 46 139.60 -634.18 35.64 101710.84
2019 10 6 11 2 47 135.44 -679.74 35.65 101710.36
2019 10 6 11 2 47 130.44 -634.18 35.66 101710.30
2019 10 6 11 2 48 127.86 -679.74 35.69 101709.99
2019 10 6 11 2 48 121.86 -634.18 35.71 101710.11
2019 10 6 11 2 49 114.70 269.73 35.74 101710.25
2019 10 6 11 2 50 103.21 -3240.41 35.76 101710.09
2019 10 6 11 2 50 87.43 -634.18 35.78 101710.57
2019 10 6 11 2 51 74.04 59.86 35.78 101710.95
2019 10 6 11 2 51 64.70 -559.22 35.78 101711.11
2019 10 6 11 2 52 56.03 523.34 35.78 101711.11
2019 10 6 11 2 52 47.29 39.91 35.78 101711.89
2019 10 6 11 2 53 43.04 48.26 35.78 101712.51
2019 10 6 11 2 54 41.33 33.90 35.78 101712.63
2019 10 6 11 2 54 41.07 35.56 35.78 101712.85
2019 10 6 11 2 55 41.12 34.52 35.79 101712.53
2019 10 6 11 2 55 40.38 60.24 35.79 101712.96
2019 10 6 11 2 56 40.92 42.99 35.79 101713.38
2019 10 6 11 2 56 40.51 -679.74 35.79 101713.60
2019 10 6 11 2 57 41.00 36.38 35.79 101713.90
2019 10 6 11 2 57 45.36 75.05 35.79 101714.24
2019 10 6 11 2 58 51.41 236.08 35.80 101714.49
2019 10 6 11 2 59 64.48 59.11 35.82 101714.38
2019 10 6 11 2 59 76.33 157.49 35.83 101714.09
2019 10 6 11 3 0 92.45 -634.18 35.88 101713.72
2019 10 6 11 3 0 109.23 -634.18 35.89 101713.21
2019 10 6 11 3 1 118.75 168.72 35.91 101712.70
2019 10 6 11 3 1 124.70 -559.22 35.94 101712.48
2019 10 6 11 3 2 130.85 -634.18 35.98 101711.80
2019 10 6 11 3 3 137.07 -634.18 36.01 101711.59
2019 10 6 11 3 3 142.22 -634.18 36.03 101711.03
2019 10 6 11 3 4 145.89 118275.11 36.06 101710.82
2019 10 6 11 3 4 148.46 -634.18 36.11 101710.80
2019 10 6 11 3 5 148.12 -634.18 36.14 101710.14
2019 10 6 11 3 5 147.51 -634.18 36.17 101710.08
2019 10 6 11 3 6 147.10 -634.18 36.23 101709.54
2019 10 6 11 3 7 146.59 -679.74 36.26 101709.10
2019 10 6 11 3 7 140.93 -634.18 36.28 101708.80
2019 10 6 11 3 8 130.46 -634.18 36.31 101708.65
2019 10 6 11 3 8 119.48 -732.35 36.37 101708.63
2019 10 6 11 3 9 103.12 113.89 36.39 101708.23
2019 10 6 11 3 9 91.17 118275.11 36.42 101708.27
2019 10 6 11 3 10 80.43 -4928.13 36.45 101708.64
2019 10 6 11 3 11 71.43 -679.74 36.49 101708.70
2019 10 6 11 3 11 61.69 77.51 36.51 101708.78
2019 10 6 11 3 12 53.35 59.86 36.53 101709.20
2019 10 6 11 3 12 47.92 57.67 36.55 101709.20
2019 10 6 11 3 13 45.12 36.52 36.58 101709.60
2019 10 6 11 3 13 43.27 38.45 36.62 101709.98
2019 10 6 11 3 14 43.32 39.91 36.64 101710.66
2019 10 6 11 3 14 44.91 43.59 36.66 101710.88
2019 10 6 11 3 15 50.12 52.54 36.67 101711.20
2019 10 6 11 3 16 60.30 80.13 36.68 101711.45
2019 10 6 11 3 16 76.40 98.48 36.68 101711.52
2019 10 6 11 3 17 93.16 115.28 36.68 101711.88
2019 10 6 11 3 17 101.92 80.13 36.67 101711.84
2019 10 6 11 3 18 109.34 -634.18 36.65 101712.36
2019 10 6 11 3 18 114.29 -1060.76 36.64 101712.55
2019 10 6 11 3 19 119.94 -679.74 36.63 101712.84
2019 10 6 11 3 20 128.01 111.21 36.61 101712.75
2019 10 6 11 3 20 134.69 -559.22 36.58 101712.36
2019 10 6 11 3 21 140.78 118275.11 36.56 101712.68
2019 10 6 11 3 21 136.60 -679.74 36.54 101712.72
2019 10 6 11 3 22 130.14 -634.18 36.52 101712.67
2019 10 6 11 3 22 123.64 -559.22 36.49 101712.84
2019 10 6 11 3 23 115.40 269.73 36.48 101713.03
2019 10 6 11 3 24 103.51 -634.18 36.46 101712.92
2019 10 6 11 3 24 95.88 -634.18 36.44 101712.80
2019 10 6 11 3 25 85.68 145.39 36.41 101712.89
2019 10 6 11 3 25 73.08 236.08 36.40 101713.02
2019 10 6 11 3 26 63.61 51.68 36.39 101713.20
2019 10 6 11 3 26 54.76 99.52 36.37 101713.23
2019 10 6 11 3 27 44.12 50.58 36.37 101713.89
2019 10 6 11 3 27 38.88 33.07 36.37 101714.41
2019 10 6 11 3 28 36.87 32.96 36.37 101714.75
2019 10 6 11 3 29 35.38 31.22 36.36 101714.67
2019 10 6 11 3 29 36.07 30.42 36.38 101715.32
2019 10 6 11 3 30 37.72 35.03 36.40 101715.67
2019 10 6 11 3 30 48.91 44.62 36.42 101715.51
2019 10 6 11 3 31 62.10 60.62 36.44 101715.38
2019 10 6 11 3 31 80.22 118275.11 36.49 101715.08
2019 10 6 11 3 32 99.18 -559.22 36.51 101714.91
2019 10 6 11 3 33 112.81 -634.18 36.52 101714.62
2019 10 6 11 3 33 121.67 -634.18 36.53 101714.13
2019 10 6 11 3 34 125.95 -634.18 36.54 101713.91
2019 10 6 11 3 34 132.45 -634.18 36.53 101713.17
2019 10 6 11 3 35 135.49 -732.35 36.53 101713.00
2019 10 6 11 3 35 127.19 -634.18 36.54 101712.70
2019 10 6 11 3 36 122.81 -679.74 36.55 101712.11
2019 10 6 11 3 37 119.39 -634.18 36.55 101712.06
2019 10 6 11 3 37 115.91 -4928.13 36.55 101712.23
2019 10 6 11 3 38 107.29 -634.18 36.55 101712.45
2019 10 6 11 3 38 94.78 -732.35 36.53 101712.67
2019 10 6 11 3 39 76.09 1862.60 36.52 101712.94
2019 10 6 11 3 39 58.85 -866.48 36.51 101713.18
2019 10 6 11 3 40 47.77 49.52 36.50 101713.80
2019 10 6 11 3 41 40.72 37.69 36.48 101714.73
2019 10 6 11 3 41 34.32 31.53 36.47 101715.05
2019 10 6 11 3 42 31.48 27.99 36.47 101715.72
2019 10 6 11 3 42 31.33 28.07 36.46 101716.47
2019 10 6 11 3 43 31.33 28.84 36.45 101717.02
2019 10 6 11 3 43 31.33 29.56 36.43 101717.38
2019 10 6 11 3 44 31.69 26.28 36.43 101717.65
2019 10 6 11 3 44 37.98 32.51 36.43 101717.95
2019 10 6 11 3 45 58.89 80.13 36.42 101717.92
2019 10 6 11 3 46 87.38 143.19 36.41 101717.20
2019 10 6 11 3 46 111.16 -634.18 36.40 101716.75
2019 10 6 11 3 47 120.70 -559.22 36.39 101716.86
2019 10 6 11 3 47 126.02 -634.18 36.38 101716.92
2019 10 6 11 3 48 131.80 -679.74 36.36 101716.38
2019 10 6 11 3 48 133.76 -634.18 36.35 101716.13
2019 10 6 11 3 49 120.85 28.93 36.35 101716.08
2019 10 6 11 3 50 114.22 90.91 36.37 101716.48
2019 10 6 11 3 50 114.27 80.82 36.41 101717.30
2019 10 6 11 3 51 109.97 48.26 36.44 101717.28
2019 10 6 11 3 51 105.60 99.52 36.46 101717.70
2019 10 6 11 3 52 108.09 39.91 36.49 101718.67
2019 10 6 11 3 52 114.87 37.69 36.54 101717.16
2019 10 6 11 3 53 109.67 34.90 36.57 101716.67
2019 10 6 11 3 53 110.57 33.31 36.59 101716.11
2019 10 6 11 3 54 107.73 37.69 36.62 101715.50
2019 10 6 11 3 55 109.38 37.84 36.66 101714.11
2019 10 6 11 3 55 110.99 55.96 36.67 101713.48
2019 10 6 11 3 56 110.14 60.62 36.69 101712.77
2019 10 6 11 3 56 114.04 47.77 36.70 101711.80
2019 10 6 11 3 57 112.95 59.11 36.73 101711.22
2019 10 6 11 3 57 115.84 72.74 36.74 101710.42
Ano Mes Dia H M S Dist(cm) Dist2(cm) T(°C) P(Pa)
2019 10 6 11 7 14 118.08 145.39 41.50 101685.60
2019 10 6 11 7 15 122.79 129.47 41.41 101672.30
2019 10 6 11 7 15 117.71 196.80 41.41 101673.06
2019 10 6 11 7 16 116.20 -953.83 41.40 101673.98
2019 10 6 11 7 16 122.11 28.58 41.40 101676.06
2019 10 6 11 7 17 121.62 -634.18 41.39 101677.83
2019 10 6 11 7 17 124.66 -634.18 41.38 101678.55
2019 10 6 11 7 18 122.64 168.72 41.38 101679.05
2019 10 6 11 7 19 123.85 168.72 41.36 101680.52
2019 10 6 11 7 19 123.90 105.04 41.35 101681.55
2019 10 6 11 7 20 122.60 45.47 41.34 101682.27
2019 10 6 11 7 20 127.87 91.79 41.34 101682.78
2019 10 6 11 7 21 126.68 40.77 41.32 101684.07
2019 10 6 11 7 21 127.28 59.11 41.31 101684.47
2019 10 6 11 7 22 127.35 -634.18 41.30 101684.94
2019 10 6 11 7 23 144.23 24.70 41.28 101684.95
2019 10 6 11 7 23 150.30 28.49 41.27 101685.94
2019 10 6 11 7 24 5.30 38.45 41.26 101686.27
2019 10 6 11 7 24 0.00 54.99 41.25 101686.26
2019 10 6 11 7 25 153.73 49.78 41.24 101685.69
2019 10 6 11 7 25 156.66 61.01 41.23 101685.56
2019 10 6 11 7 26 154.56 46.36 41.22 101685.69
2019 10 6 11 7 27 156.37 45.47 41.22 101685.89
2019 10 6 11 7 27 156.93 57.67 41.21 101686.30
2019 10 6 11 7 28 155.07 49.52 41.20 101686.00
2019 10 6 11 7 28 156.11 19.63 41.20 101686.45
2019 10 6 11 7 29 155.33 -594.35 41.19 101686.51
2019 10 6 11 7 29 154.46 -634.18 41.19 101686.98
2019 10 6 11 7 30 155.28 242.12 41.18 101687.25
2019 10 6 11 7 31 158.02 -3240.41 41.18 101687.31
2019 10 6 11 7 31 156.84 -679.74 41.17 101687.59
2019 10 6 11 7 32 118.92 49.52 41.17 101687.47
2019 10 6 11 7 32 113.85 62.63 41.16 101687.64
2019 10 6 11 7 33 118.29 25.85 41.15 101687.63
2019 10 6 11 7 33 117.50 -634.18 41.14 101687.57
2019 10 6 11 7 34 113.93 26.65 41.14 101688.12
2019 10 6 11 7 35 112.23 24.13 41.13 101688.69
2019 10 6 11 7 35 108.21 35.03 41.12 101688.92
2019 10 6 11 7 36 113.73 36.81 41.12 101688.81
2019 10 6 11 7 36 116.50 48.01 41.11 101689.49
2019 10 6 11 7 37 111.74 24.13 41.09 101689.98
2019 10 6 11 7 37 111.25 17.52 41.09 101689.88
2019 10 6 11 7 38 112.64 28.32 41.09 101690.33
2019 10 6 11 7 39 105.38 49.78 41.08 101690.80
2019 10 6 11 7 39 110.30 336.97 41.07 101691.17
2019 10 6 11 7 40 110.38 50.85 41.06 101691.63
2019 10 6 11 7 40 113.97 -634.18 41.05 101692.03
2019 10 6 11 7 41 110.59 41.30 41.04 101692.08
2019 10 6 11 7 41 110.98 84.42 41.02 101693.16
2019 10 6 11 7 42 105.84 84.42 41.01 101693.24
2019 10 6 11 7 42 100.49 174.96 41.00 101693.36
2019 10 6 11 7 43 103.24 1862.60 40.99 101693.45
2019 10 6 11 7 44 112.64 214.66 40.97 101694.12
2019 10 6 11 7 44 100.47 -634.18 40.97 101694.11
2019 10 6 11 7 45 117.45 122.76 40.96 101694.27
2019 10 6 11 7 45 123.79 70.57 40.95 101694.28
2019 10 6 11 7 46 124.30 -679.74 40.95 101694.31
2019 10 6 11 7 46 129.80 672.02 40.95 101694.22
2019 10 6 11 7 47 128.81 -732.35 40.95 101694.56
2019 10 6 11 7 48 124.32 -634.18 40.95 101694.50
2019 10 6 11 7 48 103.58 -634.18 40.95 101694.33
2019 10 6 11 7 49 73.75 118275.11 40.96 101694.61
2019 10 6 11 7 49 64.80 64.33 40.96 101694.92
2019 10 6 11 7 50 68.97 -732.35 40.95 101696.22
2019 10 6 11 7 50 65.47 -634.18 40.94 101696.21
2019 10 6 11 7 51 58.16 -793.79 40.93 101696.45
2019 10 6 11 7 52 55.91 145.39 40.93 101697.14
2019 10 6 11 7 52 56.75 -679.74 40.93 101697.27
2019 10 6 11 7 53 60.40 62.63 40.93 101697.80
2019 10 6 11 7 53 61.40 -679.74 40.93 101697.55
2019 10 6 11 7 54 63.16 107.43 40.93 101697.81
2019 10 6 11 7 54 62.71 61.01 40.93 101698.34
2019 10 6 11 7 55 53.91 224.86 40.93 101698.88
2019 10 6 11 7 55 49.78 -793.79 40.94 101698.98
2019 10 6 11 7 56 62.17 -953.83 40.94 101698.95
2019 10 6 11 7 57 61.63 -634.18 40.95 101698.84
2019 10 6 11 7 57 61.61 523.34 40.97 101698.87
2019 10 6 11 7 58 62.19 -732.35 40.98 101698.70
2019 10 6 11 7 58 60.40 -634.18 40.99 101698.41
2019 10 6 11 7 59 61.51 -634.18 41.00 101698.56
2019 10 6 11 7 59 61.52 185.24 41.02 101698.13
2019 10 6 11 8 0 64.21 -634.18 41.03 101697.91
2019 10 6 11 8 1 66.25 181.68 41.05 101697.69
2019 10 6 11 8 1 0.00 495.91 41.06 101697.29
2019 10 6 11 8 2 67.68 428.53 41.09 101697.44
2019 10 6 11 8 2 70.89 428.53 41.10 101697.47
2019 10 6 11 8 3 62.42 -953.83 41.12 101697.49
2019 10 6 11 8 3 62.27 -732.35 41.13 101697.66
2019 10 6 11 8 4 51.17 122.76 41.16 101697.88
2019 10 6 11 8 5 50.71 1862.60 41.18 101697.73
2019 10 6 11 8 5 53.26 122.76 41.19 101697.92
2019 10 6 11 8 6 56.66 -1060.76 41.21 101697.92
2019 10 6 11 8 6 56.41 70.05 41.23 101697.92
2019 10 6 11 8 7 58.31 196.80 41.25 101698.13
2019 10 6 11 8 7 63.31 85.96 41.26 101697.73
2019 10 6 11 8 8 69.29 -679.74 41.27 101698.10
2019 10 6 11 8 8 71.11 126.03 41.30 101698.00
2019 10 6 11 8 9 71.79 -559.22 41.31 101697.56
2019 10 6 11 8 10 73.59 -1367.34 41.32 101698.28
2019 10 6 11 8 10 72.90 672.02 41.34 101698.23
2019 10 6 11 8 11 75.58 1862.60 41.36 101698.31
2019 10 6 11 8 11 74.75 -559.22 41.37 101698.27
2019 10 6 11 8 12 61.20 -634.18 41.39 101698.63
2019 10 6 11 8 12 60.25 87.55 41.40 101698.41
2019 10 6 11 8 13 58.80 304.44 41.41 101698.36
2019 10 6 11 8 14 58.96 109.92 41.44 101698.67
2019 10 6 11 8 14 62.83 -634.18 41.45 101698.45
2019 10 6 11 8 15 63.95 304.44 41.47 101699.00
2019 10 6 11 8 15 63.00 428.53 41.48 101698.95
2019 10 6 11 8 16 67.07 136.97 41.50 101698.33
2019 10 6 11 8 16 66.37 115.28 41.51 101697.89
2019 10 6 11 8 17 67.86 -866.48 41.53 101698.02
2019 10 6 11 8 17 70.35 -634.18 41.54 101698.31
2019 10 6 11 8 18 70.26 119.65 41.56 101697.05
2019 10 6 11 8 19 70.91 362.81 41.57 101697.00
2019 10 6 11 8 19 60.93 -4928.13 41.58 101696.78
2019 10 6 11 8 20 55.52 181.68 41.60 101696.77
2019 10 6 11 8 20 54.62 200.98 41.62 101696.24
2019 10 6 11 8 21 52.68 196.80 41.63 101696.81
2019 10 6 11 8 21 52.70 -634.18 41.64 101696.20
2019 10 6 11 8 22 58.21 1862.60 41.66 101696.37
2019 10 6 11 8 23 68.05 59.11 41.68 101695.95
2019 10 6 11 8 23 79.00 84.42 41.69 101695.65
2019 10 6 11 8 24 82.76 495.91 41.70 101695.60
2019 10 6 11 8 24 88.79 -634.18 41.72 101695.80
2019 10 6 11 8 25 90.15 59.48 41.74 101694.53
2019 10 6 11 8 25 94.79 37.09 41.75 101694.84
2019 10 6 11 8 26 95.85 1042.07 41.76 101694.74
2019 10 6 11 8 26 97.65 162.91 41.77 101694.23
2019 10 6 11 8 27 99.69 314.56 41.79 101694.29
2019 10 6 11 8 28 97.70 115.28 41.79 101694.13
2019 10 6 11 8 28 107.44 -634.18 41.80 101694.14
2019 10 6 11 8 29 102.83 -634.18 41.80 101693.73
2019 10 6 11 8 29 110.87 672.02 41.81 101693.98
2019 10 6 11 8 30 108.51 84.42 41.82 101693.85
2019 10 6 11 8 30 107.78 115.28 41.82 101693.58
2019 10 6 11 8 31 107.10 109.92 41.82 101693.61
2019 10 6 11 8 32 111.74 135.02 41.82 101692.75
2019 10 6 11 8 32 108.58 77.51 41.82 101692.39
2019 10 6 11 8 33 113.99 111.21 41.82 101692.01
2019 10 6 11 8 33 121.41 64.33 41.82 101691.59
2019 10 6 11 8 34 122.67 242.12 41.81 101690.50
2019 10 6 11 8 34 121.81 62.22 41.80 101689.80
2019 10 6 11 8 35 122.26 59.11 41.79 101689.44
2019 10 6 11 8 36 121.41 78.15 41.79 101689.42
2019 10 6 11 8 36 119.94 129.47 41.77 101689.12
2019 10 6 11 8 37 120.75 236.08 41.76 101688.86
2019 10 6 11 8 37 125.87 121.18 41.74 101688.56
2019 10 6 11 8 38 121.74 154.91 41.73 101688.27
2019 10 6 11 8 38 126.87 136.97 41.70 101688.47
